% # columns="iter, evals, sigma, 0, fitness, xbest" seed=980640, Tue Sep  2 22:22:52 2025, <python>{}</python>
1 9 0.27283947303620215 0 -283.200999150416 0.13471365145509273 0.2721152116178672 0.5410403537515103 0.8090544734467138 0.25799337252220234 0.7441855134985815 0.013199834958196145
2 18 0.279656646893391 0 -306.9797590449286 0.1886295629193867 0.44692321984578665 0.33634128841199157 0.6515958822153901 0.5409804235971726 0.7900112820737769 0.17982087583132905
3 27 0.29410600904815526 0 -357.3999753864846 0.2929602215640662 0.6634595376083057 0.2208057643731711 0.9966695690638286 0.7546088557932058 0.7717584463699261 0.06597583423086437
4 36 0.2673774921575503 0 -338.8267893122745 0.2989767571152925 0.5134153520331407 0.32201206606613964 0.8896047874665153 0.574212687388295 0.7589003545017922 0.003358962219003664
5 45 0.2675574067995905 0 -272.83637575160645 0.08289594076570388 0.23594521323409268 0.3732399922580557 0.36545809506326044 0.8825064758962287 0.4783751155353647 0.11472494570254912
6 54 0.2587565014115886 0 -293.4050474689849 0.04684683511905091 0.19279799850693255 0.8688030450642523 0.30438861320048305 0.34422241259157405 0.7727342177606077 0.07673703086872996
7 63 0.25027993888614136 0 -256.7388126923871 0.004660620539258996 0.43865981478691535 0.6785681277994632 0.07489173742034638 0.27346268660728107 0.7317365473969961 0.1441154777874125
8 72 0.2560971952250381 0 -284.1726200450944 0.07809982326633613 0.49542042179265533 0.3948677594847766 0.2952110036658153 0.8361785778294699 0.7578292438691384 0.43716527963552554
9 81 0.23452970689492408 0 -250.2023705335232 0.07000753474049057 0.6542707090641198 0.47870103239256134 0.5738819531261297 0.6269014716369435 0.8073759621878849 0.5225572260486471
10 90 0.19998398383453095 0 -308.4086674309693 0.03061530079879242 0.29821398466365523 0.42946999247270135 0.577643855884024 0.6833566529858607 0.7074092506010553 0.15103966255609846
11 99 0.20457514580807068 0 -380.2653015384689 0.12603654392155966 0.638721130516503 0.27220126663862504 0.30209622149840454 0.9788011615639672 0.7247332739779765 0.046640343720326126
12 108 0.2053340716702554 0 -414.9830969195883 0.08169686678153043 0.45923164674092376 0.4556658370288835 0.7449625005950892 0.9997467990968733 0.7923210146711561 0.006705923433129309
13 117 0.18491386916129662 0 -337.5520556634318 0.07188226040530551 0.41536708110065856 0.2793432492856606 0.3850633663978317 0.9534612145742356 0.5958171323200694 0.028032297713066638
14 126 0.17542898770866214 0 -372.3483890084354 0.29763361183629033 0.264895094977727 0.43706567979178257 0.5254454603603624 0.998195709744466 0.7240511258260451 0.09513741964612216
15 135 0.17406103331627099 0 -362.73107889858807 0.0037666806920021614 0.5878842764867611 0.31708143955093854 0.9957177980759645 0.9344924631910392 0.6721103363912683 0.015035668729838835
16 144 0.17244477444362663 0 -357.6963822476255 0.20909146692357106 0.552340723631035 0.3410781216850544 0.7706529100303247 0.8965341963415884 0.684708508118092 0.03148106133203839
17 153 0.17817298518525052 0 -402.1574134493239 0.15821293904796213 0.80982677980003 0.35156126725838677 0.9890043396017206 0.9917309348630864 0.7581247484714666 0.007055673002920291
18 162 0.1642809828878704 0 -400.31989816680374 0.0176017602926998 0.6472364188950029 0.35679717632582375 0.9554469075693734 0.8688931389445076 0.805011670305878 0.0012884902770586017
19 171 0.14450345230872283 0 -405.464921699957 0.19182898790849393 0.6479297732465936 0.4282135627256777 0.7971471130413738 0.9948737375990092 0.7773293448228015 0.022955764726595933
20 180 0.12290758319328542 0 -386.877293730268 0.1935514446618773 0.6645583371879908 0.5154696754506708 0.837235590262862 0.9809588213221416 0.7215168450846751 0.013005906112245249
21 189 0.1403439181836675 0 -406.49880474646005 0.0014196574464157457 0.6002024195721976 0.7623142966724676 0.8322795145076914 0.9585838414550483 0.784425777905143 0.004436042385740884
22 198 0.137427134292634 0 -386.2826342045538 0.07897345329857611 0.4088218183105068 0.7308753866013338 0.9360124980500306 0.9913958689420462 0.706686529407701 0.00016692489926475434
23 207 0.1255309175315022 0 -407.3028836826755 0.0031656244369342394 0.4557245824189858 0.3021113521200549 0.8885725949333042 0.9890726733703595 0.7754553344973745 0.008271026962365499
24 216 0.11982324017490123 0 -413.81412162805657 0.0008420240056182718 0.47185150697101974 0.37528650090638926 0.6665293931678882 0.9878173219688079 0.7913712730429593 0.0024243294832912436
25 225 0.11393829107032022 0 -405.50455992972707 0.030559603602071425 0.5034833218098269 0.44747257559707276 0.9548047709784745 0.9641342162248288 0.7802884134629919 0.006435208488420227
26 234 0.10607437277448745 0 -402.69775288697656 0.0053353023832169956 0.43771990814473966 0.48829140619597744 0.9793691568251417 0.9961380281845154 0.7726600496177957 0.02910451651246108
27 243 0.098006270817443 0 -412.2738908074582 0.1501510250896239 0.34251730412685644 0.5079538813042136 0.9408372028347206 0.9712847122850422 0.8020724735678345 0.013610485047592909
28 252 0.08899729993366613 0 -419.166363399206 0.14735104847665415 0.42038568118927194 0.48673286398880833 0.8967016494273808 0.9991926063409585 0.8004583297037999 0.0001498713950153025
29 261 0.08733555132687097 0 -414.0829018327683 0.27138321698857976 0.4436167105195259 0.6355853692769041 0.9067343060983186 0.9967973310816511 0.7921398717398617 0.008365601256193613
30 270 0.08576620910390043 0 -412.28223055660624 0.18200880095497052 0.4497807817427144 0.5477238784999546 0.9891651263981818 0.9591571847153055 0.7984521600127114 0.00024943199779938467
31 279 0.08001836015079992 0 -422.002087622892 0.19170751841186912 0.4826615080570128 0.4921673966274121 0.997524164243683 0.9821550947475269 0.8165720622604808 4.7998692294533376e-05
32 288 0.0775051123702649 0 -425.69832242552405 0.18688739718124647 0.522097272168794 0.5688247014298357 0.9804571345789392 0.9933941451413552 0.8298529671418077 0.010648312565337686
33 297 0.07204070962154105 0 -412.44739318777397 0.2834309977659208 0.5321654950793814 0.5833191537772855 0.9985514557915268 0.9947102150724578 0.7839614979941519 0.0021229898981255674
34 306 0.06378904539489201 0 -417.4539414939399 0.19659319136614406 0.515495415836046 0.4587537917232165 0.9844096285623759 0.994040782184827 0.7982337602534699 0.0008602139271952371
35 315 0.056744333861244285 0 -422.8874796377738 0.16008098323356384 0.4996280359224738 0.49228757095690284 0.9974181614107928 0.983713642854094 0.8189749423957767 0.0007561112940468501
36 324 0.05337105662457712 0 -421.9223447051885 0.19814411365201118 0.42578955460767953 0.5543932925812198 0.9970786637661609 0.9987059847549598 0.8109007752034042 0.0031109224687277766
37 333 0.049154195559064445 0 -423.5208426429738 0.1331838690036879 0.4851325355663847 0.5290962157152553 0.9991345484612583 0.989530279861647 0.8197809173517906 0.0030284459909820337
38 342 0.04366824013855299 0 -425.7906354837712 0.1597549363621753 0.45953082760560304 0.5638014568564461 0.9785798368988782 0.9996074177003228 0.820312365272674 0.0007680418663352778
39 351 0.03935887256179478 0 -426.9665716965976 0.2171612288385577 0.4655974279778709 0.5946120348721208 0.9999919797979989 0.9997961545635954 0.8244058624046734 0.0017592263271693134
40 360 0.03867531532544115 0 -428.31613848099295 0.19167112054143565 0.4929939267239458 0.5351056122845234 0.999884106558725 0.9985332468088817 0.8277843230127598 6.182050477306631e-05
41 369 0.034767658037186185 0 -428.0403804185626 0.20253072201383776 0.5029045453111324 0.5179599581049463 0.9863356949477634 0.9998404234689383 0.8266489088698286 0.0004571485857152872
42 378 0.032418631671988836 0 -427.6832910879412 0.18617791764824432 0.5233243089403989 0.5235173448687246 0.999998092313941 0.9999359493825046 0.8253178166194903 0.00013029087705670377
43 387 0.032777946283337314 0 -429.52975313387117 0.14929491374703166 0.5428309163911547 0.5790044970282289 0.9973657523029881 0.9998813519728236 0.8313759992062832 0.0009322284457736121
44 396 0.03170067359659168 0 -422.6085049513191 0.14240507896802176 0.5113863567456385 0.5316093966709252 0.999708438497013 0.9994476188388576 0.8128866847053439 0.003527268259636208
45 405 0.0306550240301851 0 -427.93340867660044 0.152745506762137 0.5217607716381594 0.5995561115350054 0.9904307107926904 0.9992516742685242 0.8281589600668356 0.002664961512612893
46 414 0.03197518437265223 0 -429.14017663463636 0.09846867098724552 0.5613523554807242 0.5760386511913957 0.9973839834408306 0.9976875389542419 0.8306202178742567 7.582238289510249e-05
47 423 0.029583021128948877 0 -428.7414820121162 0.13804004431442085 0.5223022256588724 0.5561567076506702 0.9918760246369215 0.9999727571067751 0.8283426402955786 1.4025397928532854e-06
48 432 0.02570696928805151 0 -428.36300896486443 0.15235315244744607 0.5129617326120225 0.5670157292125921 0.9925927184734296 0.9995271246089081 0.8276795822311451 0.0003609617617618449
49 441 0.025067664315956573 0 -428.71096953683497 0.18717661059260587 0.5050955949988626 0.5399243010462844 0.9990931632329532 0.9998878630868735 0.8282904186425764 3.8868238174314543e-07
50 450 0.02135183360412773 0 -429.1554986086094 0.15400327324641172 0.5145224159727197 0.5595211370599044 0.9999934624571681 0.9998821032097517 0.829671493311532 8.900577966660223e-05
51 459 0.02012359392835059 0 -430.2230936070744 0.16676322837230217 0.5244407353038989 0.596258703193596 0.9968539272143389 0.9999612324433641 0.8327856378351195 7.482824489546156e-05
52 468 0.020822920142199067 0 -428.9416436623669 0.14617372291829633 0.5403763300612423 0.5852568188887092 0.997764267148387 0.9962542148360434 0.8306517644540043 2.472524523457759e-05
53 477 0.02186974336611557 0 -429.0348300613097 0.1629295601734395 0.5198000816495829 0.5798231668037758 0.998440877554333 0.9986104924103553 0.8298387013931086 8.307167871028791e-06
54 486 0.023816787309783382 0 -428.2936420965562 0.16096456515864 0.5384285383332599 0.5713553840303289 0.9988510522754792 0.9991128501768481 0.8280519848016428 0.0009115253782545867
55 495 0.022429884257238145 0 -428.91222078250894 0.1677874540119455 0.505595919001436 0.6121504972628541 0.9950470484199837 0.9988970092143098 0.82936797815442 4.119378418330363e-05
56 504 0.021522197345225817 0 -428.9382931847118 0.15512067746447844 0.5284104268496108 0.5935371586395544 0.9879836544601298 0.9967734513653383 0.8304688702608465 0.00011595029476673764
57 513 0.02321663015351616 0 -429.3554219492808 0.1603285234745893 0.5356870125479584 0.5674438753268262 0.9919028415860779 0.9999981537947125 0.8302734472563031 0.00017843732883793912
58 522 0.02139451335472527 0 -430.551409772497 0.15676770283074537 0.5426838368679692 0.592407862244813 0.999371320919449 0.999397532045685 0.8340799046864893 0.0001660622373732323
59 531 0.02050817462352353 0 -430.671223383369 0.16551598534239842 0.5257779392431908 0.6104408303052781 0.9999228560940064 0.9994380030357536 0.8348863346978556 0.000829336218349433
60 540 0.017218785529093648 0 -430.09397355135036 0.16158120982212082 0.5357069627098181 0.5883673076411081 0.9979039011849451 0.9992720929434625 0.832731335387717 9.296649015299814e-05
61 549 0.01473895094283276 0 -430.7221997772406 0.16564079846968 0.5282260645183706 0.607655755433599 0.9995463992343704 0.9997672730443811 0.8343679304518795 9.759892695137561e-05
62 558 0.0145789952037783 0 -430.8308330844568 0.16782958267618592 0.5273065682946547 0.6188101059250851 0.9999904263260161 0.9979665000670525 0.8355648744952616 0.00017094685697458602
63 567 0.014149125134072446 0 -430.9154280720936 0.13842243357762865 0.5469664427916447 0.6033177263617238 0.9999646951233815 0.999994758362215 0.834980705441643 0.0003017783261016502
64 576 0.014160281019180805 0 -430.96369321161967 0.1429870703798534 0.5488383346238629 0.5977689590265328 0.9999825151593447 0.9998656730295988 0.8349690388195534 5.83468320884143e-07
65 585 0.015083067431460649 0 -430.7884088053114 0.1280766054084072 0.5631299985307667 0.5904963359097004 0.999901080771374 0.9994632892547486 0.8348237192791188 0.0002680073136457646
66 594 0.014214599527115169 0 -430.61677732511765 0.14137642554687713 0.5500656727682754 0.5974234973180754 0.9986818384219387 0.9999723263161779 0.8339761780203279 0.00011747286403305844
67 603 0.01426163791447956 0 -430.3127371019074 0.16769266560739604 0.5264379126021191 0.5981093427287291 0.9962567452182007 0.9989336955380249 0.8334737225475713 8.330033710089899e-06
68 612 0.015118310635050543 0 -430.7589782727468 0.17406664369111619 0.5179320572593438 0.6159460643528808 0.985933422684036 0.9990898447725354 0.8347200230088938 3.7581209216530747e-06
69 621 0.015141241697606337 0 -430.6655495252512 0.15131908920110726 0.5438851968170284 0.6003900478399411 0.9958790365698457 0.9983847663593048 0.8349241825695224 0.0002271711818183909
70 630 0.014615266622629358 0 -430.416546084037 0.15744897735578484 0.546089226060282 0.5967775186122952 0.9960248535048385 0.99855727389679 0.8340664080574175 0.0001682684819800549
71 639 0.013361087938774071 0 -430.1708126692826 0.15346408956160829 0.5400063704888867 0.5992651655023495 0.9963406098859641 0.9989286866870658 0.8334784621766561 0.0006050941734814852
72 648 0.012551754887307441 0 -430.8881993761424 0.16658652394954343 0.5228579122168886 0.6160496706881915 0.9915136665708495 0.9979792966224575 0.8356851394209116 0.00010931306861308245
73 657 0.01367391105623325 0 -431.3652185777788 0.1599198128310106 0.5260860302027923 0.6317196985912993 0.9953396285990883 0.9978577135972319 0.8374864298804441 0.0005790707914779383
74 666 0.012990322471098634 0 -431.0903047496461 0.15709036603661997 0.5360209037705709 0.6204677659838886 0.9946723415597107 0.9962272885368566 0.8372714816386431 0.0003727679722125413
75 675 0.011976732926007474 0 -430.5864080954351 0.16156394966783105 0.5348051171946699 0.5990622678255125 0.996604306048702 0.999198639496677 0.8343297152482891 0.00024404692400299355
76 684 0.010465123915284359 0 -430.8814595405855 0.15870200843637866 0.5248181038876919 0.618050017752786 0.9958662826186163 0.9982412520859945 0.8358769451020325 0.0005767066701078575
77 693 0.009524065411592769 0 -430.77903914484796 0.1538433613251179 0.5313448867466892 0.6113731407121481 0.9932067965082532 0.9986131217918612 0.8352227684962553 0.0003216822891207225
78 702 0.00863876935403303 0 -430.7647598596505 0.15497362108729673 0.537026479468621 0.6122387330935265 0.9977455835649729 0.9970174218589996 0.8360197354738389 0.0004762253262610196
79 711 0.008410601488661712 0 -431.0228250077325 0.15121018460781122 0.5422220714085653 0.6072803863118276 0.9989026636771416 0.9987492563261294 0.8361838449740739 0.0007466450534637789
80 720 0.008237409037251463 0 -431.0298328320118 0.146785217026676 0.5362826824236573 0.6147008306024386 0.9958068645791052 0.9996501111090061 0.8356604900943082 0.0005604138701205348
81 729 0.008203641599983144 0 -431.1884326609176 0.14108057779629893 0.5448698990152429 0.6136502923619078 0.9980761761158479 0.9992547603556104 0.8363026010945135 0.000548741447497322
82 738 0.007463601084839836 0 -431.150629162258 0.14460683544745648 0.5426093061323026 0.6123369461453617 0.997650640938581 0.9996779486483403 0.8360731972195132 0.0006558775530058197
83 747 0.008285776713257212 0 -431.0094565383237 0.14887379228602818 0.5425977387034081 0.6013926806260601 0.996866577382429 0.999999361629181 0.835047072318058 5.79036232491362e-06
84 756 0.00789687345752434 0 -431.20412466763986 0.14486925254002747 0.5448716699184684 0.6066133639509054 0.9972630924080831 0.9999021878872971 0.8358789092321374 0.00030341696123766486
85 765 0.008380080095663267 0 -431.3767125705144 0.15018161616491071 0.5412655774599958 0.6131700960122595 0.9967994771923673 0.9999151164868757 0.8361749240008375 8.90216347541778e-06
86 774 0.00911261384360693 0 -431.3238314167728 0.13562232129619528 0.5603706373704231 0.6023141275030204 0.999882090946931 0.9999017156531356 0.8362127738570535 0.0002741759042921845
87 783 0.009954840391215327 0 -431.4293277537594 0.14732632337190932 0.553144961088931 0.6036170421624515 0.9988092042400296 0.9998430565350557 0.8364365208603599 0.00011161237226838695
88 792 0.010292506216117705 0 -431.6668753732808 0.15081392318426945 0.5491378288142551 0.6125104754401186 0.9984724759899 0.999806497983122 0.8371925504128679 0.0001624454785943151
89 801 0.01096479634640975 0 -431.6901008098119 0.1575291876413728 0.5405796758351603 0.6165192757166456 0.9969778554769644 0.9994942693643517 0.8373017789440051 1.843199498673437e-05
90 810 0.010319534737309809 0 -431.66278594247393 0.15872560756570386 0.5418423156733242 0.612755650717366 0.9955880793172811 0.9998521981001763 0.8370460208718152 2.5850113366504365e-06
91 819 0.010528338919401166 0 -431.6638147320423 0.15177917547585318 0.5460958626258949 0.6156015497751516 0.9951693711122058 0.9991076160782252 0.8374047161997654 2.401635113573875e-05
92 828 0.009965725135583586 0 -431.5094528891553 0.158247925872811 0.5324328672011494 0.6187517778715925 0.9954875790581034 0.9999602730438765 0.8365446502894103 5.300039744838653e-06
93 837 0.009873163115221574 0 -431.6674561412198 0.15694373347224777 0.5323276244026003 0.6247978751350399 0.9981915947623404 0.9999540656603144 0.8370785989639313 9.457881722952967e-05
94 846 0.009191909479763323 0 -432.02827508878426 0.16474331822526916 0.5252109276125847 0.6353751403305643 0.9952103653573876 0.9999318420201609 0.8380903920653586 1.025111771902398e-06
95 855 0.00858423151228805 0 -431.85538221066776 0.16893256901066328 0.5237963521961468 0.6326416845361581 0.9957116408427066 0.9999211532059562 0.8375835959880036 1.1673766512586738e-06
96 864 0.008407969983328736 0 -431.88582276435227 0.17079979712037519 0.520643208002193 0.636364021960215 0.9961966890158812 0.9995735862805026 0.8379068790753034 0.00010568773688412008
97 873 0.008232658207823556 0 -431.72882241520966 0.16994083627892725 0.5212675865192449 0.6351873325715842 0.9934444823946208 0.9992291512905329 0.8375283982944997 5.45530867846973e-06
98 882 0.008565981258555646 0 -431.9284133511127 0.17254691378156084 0.5173875419278268 0.6412503806444158 0.9905203745216175 0.9996183978483845 0.8379373744310626 6.193762593660635e-09
99 891 0.008237562160640118 0 -431.8833753937699 0.1673900323987883 0.5246786654470291 0.6342436758010789 0.9929444701285274 0.9993420307391973 0.8379304111691332 2.203436320288567e-09
100 900 0.00840333251229699 0 -432.0780843475586 0.178886658237006 0.5097172150757182 0.6524745918640966 0.9859067759741534 0.9989062930014498 0.8387114925380396 7.733981245967448e-06
101 909 0.008341714563879695 0 -431.94556303154195 0.17612511199012248 0.5104171116909947 0.6466162742415142 0.9911640674301886 0.9996191836510139 0.8379929933786401 7.342580549017057e-06
102 918 0.00892656006421187 0 -431.8863293383842 0.1782513128988188 0.5033420490068855 0.6538826171019363 0.9867476762884527 0.9993090949741489 0.8380110120183614 7.993807417710346e-05
103 927 0.007413208581991972 0 -431.9428541842274 0.17173407776165944 0.5179499783861906 0.6412569847000859 0.9880260125973879 0.999519334130281 0.8380281926452473 3.916806425061078e-06
104 936 0.007081022888223998 0 -432.1297553668369 0.18643957945622658 0.5000072373937388 0.6552766874869728 0.9885941542155096 0.9994449867826106 0.8386590090490649 6.52082415967792e-05
105 945 0.0069253907313905315 0 -432.1373211225625 0.18067268851288043 0.5083979692043576 0.6518843921001364 0.9890877478088148 0.9992300100933941 0.8389442521429099 0.0002966324230925944
106 954 0.006476421046480464 0 -432.1901477395684 0.18181881878946604 0.5060366584413447 0.653588530666817 0.9875578692036509 0.9995875879934096 0.8387400113207617 1.9394897016529375e-05
107 963 0.006444017701116732 0 -432.21642218291396 0.1770857294357453 0.5094032275833721 0.6504518209512253 0.9927187859806595 0.999919801642926 0.8386775752631674 3.582156835132595e-05
108 972 0.006459813795433936 0 -432.2356122397691 0.17995242796373095 0.5091564239718699 0.6505640832981676 0.9897200349531938 0.9998195489784933 0.8387620285254516 1.023964566579273e-05
109 981 0.005928273015175207 0 -432.11615348628357 0.18538936086391977 0.49711636834368145 0.6599976825193236 0.9890562976497057 0.9988404735452431 0.8388525379307868 5.289870272160444e-06
110 990 0.005702187460079954 0 -432.1936540895289 0.1874796422004722 0.49518279796942616 0.6645429979803982 0.9874460280090194 0.9990327707003631 0.8390484393503784 8.180836047323267e-05
111 999 0.0058543218022203925 0 -432.33450531793045 0.19051988114887491 0.4924415240632365 0.6677086645608146 0.9847872071627118 0.999497740972967 0.8392422451435724 6.696635945701687e-05
112 1008 0.005920188819354462 0 -432.3408865985787 0.18537717731171105 0.4988312231783907 0.6618688311389525 0.9887999417166212 0.999778246624919 0.8390878201186424 3.6045348327529353e-06
113 1017 0.005590402698901255 0 -432.27575018397675 0.18390256741841726 0.5006814065128626 0.6586764773583292 0.9880476870026662 0.9998751207683537 0.8388487590070364 8.518675472441591e-07
114 1026 0.005142789177212839 0 -432.2900363253215 0.1818306698503911 0.5045667374458144 0.6562510845750872 0.9892877490316884 0.9999929674431578 0.8388475195581411 1.5410394321950695e-05
115 1035 0.004913651201442358 0 -432.2033031079 0.1794141975048923 0.5066044234700253 0.6532119915602025 0.9903116890937043 0.9999983468858773 0.8385807562866832 4.775592588649063e-06
116 1044 0.004907252774971378 0 -432.3449005335136 0.1832237986968327 0.5013035744238655 0.6594163627231906 0.989727053096865 0.9999960655297677 0.839002957455424 7.604038675443133e-06
117 1053 0.005142958638494918 0 -432.34873674790754 0.19146429457655467 0.4890248895564961 0.6688457368657763 0.9880749434806078 0.9999816050572062 0.8390178265425816 3.2477549489009857e-06
118 1062 0.005488324470056274 0 -432.42303544718976 0.1885292801034123 0.4943547423782959 0.6653795243270678 0.9898105613756526 0.9999998685479594 0.8392339876392313 9.683643031723142e-06
119 1071 0.005495452388335744 0 -432.47033946855106 0.1890929885212611 0.49556825468492877 0.6658656978715043 0.9888899277317584 0.9999711915729359 0.8393931970582392 1.8218777506493193e-05
120 1080 0.00520969790147802 0 -432.3371233859207 0.1853648989217564 0.4966108793513001 0.663209788592523 0.9899103446323363 0.9999989260069784 0.8389864750236457 1.8637825123379796e-05
121 1089 0.005087650468626032 0 -432.4822562050777 0.19514167460693027 0.48763930421521917 0.6731244116977074 0.9862353963441011 0.9999720611884676 0.8394163884069412 1.7912412900659743e-06
122 1098 0.0048765418966220655 0 -432.34571062847976 0.1910798146291569 0.49109228903547486 0.6683930339274826 0.9852968021025857 0.9997933707852394 0.8391045184701815 1.6728240084345128e-05
123 1107 0.005153717084116462 0 -432.451995309544 0.19336317035260925 0.48937564406918727 0.6718775384038028 0.9850219727920148 0.9996336560157609 0.8394843392849626 5.734450675622185e-06
124 1116 0.005041666884427891 0 -432.4942040518232 0.19244901145372612 0.4906506772810637 0.6716665988170059 0.9838469793385944 0.9999055778611033 0.8394819044892681 1.4429454512090645e-06
125 1125 0.00466498177876938 0 -432.34636825551985 0.18825607269824957 0.49492521909072973 0.6656840647481683 0.9864503955272487 0.9999572709682626 0.8390196859136447 7.643379134413113e-08
126 1134 0.004319736529373755 0 -432.4627728852424 0.19522523009638587 0.48629317593954907 0.6740191871551662 0.9853422301044988 0.9999809060732417 0.8393666344447543 1.860842127598916e-05
127 1143 0.004344237982322099 0 -432.5177569188082 0.19474644233580607 0.48801117836044045 0.6738685361514943 0.9855151319195401 0.9999944151658204 0.8395117224484147 2.4490044121830583e-06
128 1152 0.004572873092695259 0 -432.52926269509464 0.1980754651083121 0.4836872097098255 0.6773861587835719 0.9845075745922262 0.9999924318937577 0.8395557900935877 1.5242882220054225e-05
129 1161 0.0041970096676603565 0 -432.4909026411783 0.19248376501328396 0.4904350303585899 0.6715683533517254 0.9856778167387849 0.9999310972225327 0.8394833270605759 3.358013104585446e-05
130 1170 0.003967602095105283 0 -432.57502037217205 0.19570955355458847 0.48633565301848536 0.6764449051918396 0.9850715703208095 0.9999946667711039 0.8396824865086518 4.377404669547379e-06
131 1179 0.0037563601924188363 0 -432.60507084086436 0.19725813762812494 0.48528798738809936 0.6777973471580541 0.9851601585927305 0.9998754587382598 0.839831288621596 1.1889986834453305e-05
132 1188 0.003605043263445293 0 -432.5811321679886 0.1971257748686312 0.4858878778219582 0.6767247884343797 0.9845565899089738 0.9999435933082708 0.8397343807570202 1.9065494510401403e-05
133 1197 0.003128440794186766 0 -432.62018655730975 0.19844514743774483 0.4832928549945082 0.6789214315385872 0.9854535120674186 0.9999981731788219 0.839814073933001 3.6647707826539786e-06
134 1206 0.0029797251636410668 0 -432.613063220353 0.1963763464073605 0.48611799537330846 0.6772201818011376 0.9851218869573242 0.9999319086675439 0.8398424934983842 3.065842395577653e-05
135 1215 0.002810867656622789 0 -432.627825516073 0.19826168793511822 0.483198086020075 0.6799824875569392 0.9843684554238921 0.9999624642132285 0.8398652772963606 2.0899524386976344e-05
136 1224 0.002611528140211014 0 -432.6361661116374 0.19755417638686218 0.48477672707583197 0.6788386643072625 0.9845978651877111 0.99998027334684 0.8398953968488226 3.99716865500536e-05
137 1233 0.0023564414702306876 0 -432.5839777248664 0.1966043403716995 0.48645432271380795 0.6766192906321622 0.9845633713642367 0.9999452596016954 0.8397464292422091 2.523088130464836e-05
138 1242 0.002390087444974596 0 -432.5943642577367 0.19952801535780007 0.4834157353418955 0.6795883127121847 0.9826116840241477 0.9998766543922412 0.8398396470227709 6.894181559005875e-05
139 1251 0.002328265580660124 0 -432.60656544196013 0.1981201784857326 0.4852226931416998 0.6778226069125511 0.9841902203051227 0.9999619733453197 0.8398071128380488 2.728545324292648e-05
140 1260 0.0020882165989389964 0 -432.6262432135094 0.1993413861286566 0.4833457666822612 0.6797991982611508 0.9837478810459006 0.9999694349339951 0.8398638978647988 3.0021588239969724e-05
141 1269 0.0021562817961107237 0 -432.6395974708795 0.20100825162845953 0.48123628365577636 0.6815855835296518 0.9834621372656933 0.9999134016613834 0.8399256169922028 2.5200729929060367e-05
142 1278 0.0021841280316060915 0 -432.6446285477667 0.20108750755210736 0.48021908283874654 0.6827367574384983 0.9836237324266968 0.9999278688570008 0.839934162698457 2.557657446577502e-05
143 1287 0.0019395081944656527 0 -432.64094639236936 0.2000590301948762 0.48184272560482405 0.6812665360319735 0.9841522364201893 0.999958875347845 0.839903990376511 1.8415706878618308e-05
144 1296 0.0019188125179454727 0 -432.6666766043114 0.2012066305350413 0.4801754540445033 0.6833811016700939 0.9836770594346937 0.9999245000974438 0.8399957465903675 1.823893911359648e-05
145 1305 0.0017710912327701305 0 -432.6487997698542 0.20093824039184227 0.4805627751105236 0.6826473193184464 0.9839096578267039 0.9999244382373438 0.8399421962989781 1.7310880929891207e-05
146 1314 0.0017270499680850648 0 -432.6723296327364 0.2025934231829622 0.47907725582130134 0.684114330853319 0.9832954540918192 0.9999308921232288 0.840006399144474 1.380059876087348e-05
147 1323 0.0017429916553531634 0 -432.67709183020935 0.2022314713041119 0.4798292129491383 0.6838667523652507 0.9831122396546319 0.9999704919316948 0.8400114977679615 2.65970254541553e-05
148 1332 0.0016604173558603707 0 -432.6939409289507 0.20398919191196407 0.4774120864188592 0.6860259769632184 0.9829210475268624 0.9999285488127894 0.8400731902678614 1.625547589015125e-05
