% # columns="iter, evals, sigma, 0, fitness, xbest" seed=165059, Fri Sep  5 13:00:29 2025, <python>{}</python>
1 9 0.2717790302933074 0 -27.423420285404813 0.19759606859118856 0.6800314720379771 0.0003210608904819125 0.09691749292983054 0.10943794774735294 0.7881088235557692 0.3838708387558654
2 18 0.3114332387345367 0 -31.057116533881146 0.1841612033203116 0.7561754426257762 0.05997014483713445 0.4132446479187538 0.11204972381183309 0.984635850769038 0.3581577205965119
3 27 0.330190076562584 0 -31.408173549459 0.28409458953066696 0.9552088992146439 0.002790298425025776 0.5916376683875846 0.4301425560011537 0.9996522045610803 0.42292023484104807
4 36 0.33556138400590413 0 -29.79073869026539 0.19058786433845645 0.6488548930095233 0.062265251160234236 0.6809552891200787 0.21881480863172653 0.9174416527185857 0.9998779236186723
5 45 0.33366750185319377 0 -31.41001225259022 0.07700204883811444 0.6948883660125789 0.006435628560140152 0.4287503784662304 0.32979243815820747 0.9999824182340955 0.7407794310987045
6 54 0.3031037288956774 0 -30.97523790179903 0.0013444166962666242 0.6428411292638301 0.03876459143744671 0.4756259384287753 0.36591157700717303 0.9789476621899921 0.9991811704189273
7 63 0.26375486327602804 0 -30.97265006004659 0.2295639521273235 0.632801812789821 0.24570963568157322 0.5794678435098969 0.2901739209878925 0.9918345597573738 0.9950739840853717
8 72 0.24827815951650764 0 -31.010912680499803 0.3191328997022409 0.5027981188294376 0.19439528301804826 0.6120841894834818 0.6082322688089588 0.990649887507544 0.8793362561326786
9 81 0.24075248961580045 0 -31.22157411704719 0.1992908068089504 0.26622305908105176 0.1358871046817855 0.8160694922027784 0.4879196311991468 0.9981963792131313 0.7031753244849173
10 90 0.2452552226046087 0 -31.407546344556224 0.3133344675793133 0.05143433835429009 0.0009875950444065272 0.9196615816071048 0.48352693103762 0.9995038802675935 0.735281802323474
11 99 0.225762289011253 0 -31.33208918351108 0.2154602319882814 0.31205473464210065 0.04154891906528884 0.6626152464437944 0.43117043378439207 0.9980832872774975 0.9660642802190624
12 108 0.1992506618366024 0 -31.353819492345377 0.14278532916127015 0.34722355942476774 0.01213651684363742 0.7316023489540681 0.1827464261508065 0.9973639789171015 0.9946182780239573
13 117 0.1775385805197541 0 -31.399900696182865 0.1267886180601026 0.24759141415610397 0.00622403916644919 0.9551835803717343 0.3446132197713614 0.9994323877827296 0.9062614611066558
14 126 0.16161429539198574 0 -31.370681062256825 0.1535196332342091 0.4669673727213203 0.017585314138091664 0.8407831392220158 0.39777538839012155 0.9986062021113433 0.8803339795569348
15 135 0.16146437185189258 0 -31.407693382755834 0.16540997202901522 0.5655068227637855 0.008036644107020591 0.9711778556504285 0.3323748414845549 0.9999615540081701 0.6818207312568103
16 144 0.14487743988889715 0 -31.332249498541145 0.08310387196461158 0.5520183750492483 0.045150688745793546 0.8512878968540988 0.3102944973203073 0.9983211195462064 0.9290585218784853
17 153 0.13464773687476628 0 -31.377294981181635 0.2844005128402468 0.5777971831191309 0.0009530464173839802 0.920937388063194 0.3610087732583717 0.997896842460789 0.7702178368654643
18 162 0.13422124424109588 0 -31.33023650660727 0.1882674929381396 0.6277307405108566 0.0729983238082883 0.9119274974580022 0.32210118495743856 0.9999870147868188 0.8241583659600071
19 171 0.11985106015652242 0 -31.349118720021163 0.28272988978720104 0.5763691871299315 0.056599098962727856 0.8828065051991622 0.3972850154755562 0.999946825558604 0.7863908321007027
20 180 0.10577436380503583 0 -31.379184571442565 0.10726631872131968 0.6707218180754357 0.00014475064834970202 0.9909663684679972 0.3283980218890947 0.9979455461428755 0.7487712893536468
21 189 0.09810329362665705 0 -31.41713185159848 0.15880132458404478 0.5031912702829416 1.930397931788587e-05 0.9688414471627192 0.42717253806121397 0.9999505761554776 0.875149167509498
22 198 0.09632565970137286 0 -31.404362609146833 0.03168913518948762 0.4140621177490049 2.0078825517287636e-05 0.9944357501163742 0.3108129575868134 0.999273242326796 0.8228614371653596
23 207 0.09142302802201407 0 -31.387880115528574 0.011702678602396226 0.4867966701850026 0.001113946182921789 0.9440856894651156 0.33139338505917565 0.9984686453814784 0.7632828400212379
24 216 0.08197694892622562 0 -31.404910768066813 0.18333109274005005 0.4870658567714691 0.0004978227704347573 0.9838281261839236 0.28711215889956776 0.9993328082076591 0.9228571815612375
25 225 0.07041858821876758 0 -31.4158619435366 0.11134293614358973 0.484632895841131 0.0010284374428258943 0.9505418320731971 0.3398325974599649 0.9999476301074649 0.8812287962518265
26 234 0.0647421774555638 0 -31.411775986009882 0.1258636084442248 0.5182145335424366 0.003714429638827665 0.989874772552377 0.3235321412033123 0.9999023131612623 0.9862341315854722
27 243 0.05983121567401259 0 -31.415203444957555 0.054183463531511405 0.427355742693055 0.002395771540290717 0.9637610404611746 0.36005190621973776 0.9999999814189445 0.9726299666378238
28 252 0.05481409580111637 0 -31.4177766372393 0.2839212429649046 0.4873992011433176 7.425667969892777e-06 0.9992970943194571 0.40445511015804586 0.9999840224470942 0.9986890841785517
29 261 0.054195398023129386 0 -31.417192456632172 0.15151459540206874 0.40620381685851537 0.00029429731024299677 0.9982796570142328 0.3890721531637615 0.9999713466350749 0.9923643609493519
30 270 0.05170995928686109 0 -31.41763417869182 0.1805894260706232 0.3935205212070157 0.000299922925539205 0.9519734599363211 0.3800531625152856 0.9999951385138901 0.982538453433322
31 279 0.050271811528695705 0 -31.41550366885501 0.16516149955403756 0.3850811352985 0.0008958203432668708 0.9175619449390888 0.35788830514726333 0.9999201578180279 0.9666007839694479
32 288 0.04829068835039947 0 -31.41689183616566 0.22553500162604145 0.50419607411486 0.0008085999355807584 0.9929090004041476 0.3609718806020431 0.9999882317699738 0.9650727754283351
33 297 0.05052966980243004 0 -31.417775199186117 0.1851450660763223 0.4863089923431649 0.00016215707291509634 0.9996564027908945 0.32132441561979197 0.9999938243563489 0.991607106471142
34 306 0.051866925309641515 0 -31.416301089922086 0.24190000241931625 0.42531210702905997 0.0009144426395568542 0.9863278753048775 0.35434056135122 0.9999636496710771 0.9370371466993354
35 315 0.04815839504426991 0 -31.417415848900976 0.11993906599223976 0.4491950065204913 0.0005534164752815627 0.999753051613917 0.31075780036063094 0.9999997394982125 0.9799356097584333
36 324 0.04553936797040778 0 -31.416807477736935 0.1824934433282956 0.4556973056254248 0.0008734589695913223 0.9949896848810734 0.3534045087259903 0.9999878971182502 0.9969888365824741
37 333 0.046401695380812104 0 -31.415129804512826 0.13477595002969242 0.5222527649419691 0.0005812641532344484 0.9943463727368516 0.3433073878265619 0.9998802445164214 0.9939777987287614
38 342 0.04938758244002089 0 -31.418024946764653 0.15259035297210669 0.5812656569911033 5.134748213516735e-05 0.9978734237543556 0.3792431813542902 0.9999999988058212 0.9853209928724808
39 351 0.05009348975296004 0 -31.418047899517187 0.19419056762440612 0.6196162110401836 1.8632873862292128e-06 0.9999341941922334 0.4054492311491746 0.999998057261933 0.9970097212717984
40 360 0.055053375176584596 0 -31.417834155051594 0.15902785237748182 0.6187395617931818 0.00018011292998329582 0.9379244352059729 0.39501362400289264 0.9999980981870984 0.969565310468658
41 369 0.06071959876334491 0 -31.41804787140203 0.1634652369971476 0.5867432818710898 9.672921635999272e-06 0.8836742939043162 0.3711040362257016 0.9999985543490364 0.9989967855256258
42 378 0.06283669691157605 0 -31.416477735807426 0.21695380767699068 0.6068926695231376 9.358547164136522e-06 0.903544628898298 0.3260888749798314 0.9999152416960257 0.9501608416567797
43 387 0.056431738442273234 0 -31.415573663586365 0.1445867745164715 0.561952761292714 0.002086660077247417 0.9643592379962862 0.4016711828754102 0.999999890001946 0.97805763356548
44 396 0.05523192982448571 0 -31.417656664926962 0.15665500773904956 0.7277675408652653 0.00034880847719481506 0.9055079120233595 0.3849791659260035 0.9999994522641749 0.985467934858349
45 405 0.047654384499287536 0 -31.41805868324267 0.18793814280263282 0.607534049382948 2.2211985756537403e-05 0.9886033469330621 0.3739867305076024 0.9999999284083735 0.9807803139779516
46 414 0.039768693502245135 0 -31.418042515566494 0.18270885495009112 0.6367980307614239 7.616461874698349e-06 0.9213466462957596 0.3855818295875939 0.999998138945169 0.9750389964831456
47 423 0.03603809783218144 0 -31.418020024744788 0.13985207984458173 0.6348376992426084 4.247187205154216e-06 0.9179547703464579 0.406214587062795 0.9999967307524428 0.9910498828279406
48 432 0.03729722714879901 0 -31.41802315788629 0.08737322642130292 0.6661720881997507 2.104047981414074e-05 0.8629947925222667 0.3679568023391338 0.9999979690670583 0.9794640503404671
49 441 0.03468362160615483 0 -31.417893815477694 0.16090809283269789 0.5728003614690236 0.0001576023759269616 0.9156679025881063 0.4284979892503059 0.9999998259753289 0.9792373488976918
50 450 0.032910870624773214 0 -31.41803254790752 0.09389598320759666 0.6187683186254749 2.203161096835422e-05 0.8114906881346965 0.39114189944854993 0.9999985304645481 0.9981450131134388
51 459 0.031136552098218518 0 -31.418084614991724 0.13169829735943214 0.5806818119378265 1.3492009266182238e-06 0.8457458156148545 0.37705463338014644 0.9999999721244899 0.9936578824862222
52 468 0.03708623006306527 0 -31.41802153937247 0.03641390012520172 0.6591070667822534 4.15839297616655e-05 0.8148336537197637 0.4004529824302566 0.99999919473108 0.9887142368577914
